Input channel A: 1
Input channel B: 2
Input channel C: 3
Input channel D: 4
Input delay A: 0 ps
Input delay B: 0 ps
Input delay C: 0 ps
Input delay D: 0 ps
Trigger level A: 0.500 V
Trigger level B: 0.500 V
Trigger level C: 0.500 V
Trigger level D: 0.500 V
Test signal A: 1
Test signal B: 1
Test signal C: 0
Test signal D: 0
Coincidence window: 64 ps
Correlation bin width: 40 ps
Correlation bins: 1000

Counter data:
array([[39999, 40000, 40000, 40000, 39999, 40000, 40000, 40000, 39999,
        40000, 40000, 40000, 39999, 40000, 40000, 40000, 39999, 40000,
        40000, 40000, 40000, 39999, 40000, 40000, 40000, 39999, 40000,
        40000, 40000, 39999, 40000, 40000, 40000, 39999, 40000, 40000,
        40000, 39999, 40000, 40000, 40000, 39999, 40000, 40000, 40000,
        40000, 39999, 40000, 40000, 40000, 39999, 40000, 40000, 40000,
        39999, 40000, 40000, 40000, 39999, 40000, 40000, 40000, 39999,
        40000, 40000, 40000, 39999, 40000, 40000, 40000, 40000, 39999,
        40000, 40000, 40000, 39999, 40000, 40000, 40000, 39999, 40000,
        40000, 40000, 39999, 40000, 40000, 40000, 39999, 40000, 40000,
        40000, 40000, 39999, 40000, 40000, 40000, 39999, 40000, 40000,
        40000, 39999, 40000, 40000, 40000, 39999, 40000, 40000, 40000,
        39999, 40000, 40000, 40000, 39999, 40000, 40000, 40000, 40000,
        39999, 40000, 40000, 40000, 39999, 40000, 40000, 40000, 39999,
        40000, 40000, 40000, 39999, 40000, 40000, 40000, 39999, 40000,
        40000, 40000, 40000, 39999, 40000, 40000, 40000, 39999, 40000,
        40000, 40000, 39999, 40000, 40000, 40000, 39999, 40000, 40000,
        40000, 39999, 40000, 40000, 40000, 39999, 40000, 40000, 40000,
        40000, 39999, 40000, 40000, 40000, 39999, 40000, 40000, 40000,
        39999, 40000, 40000, 40000, 39999, 40000, 40000, 40000, 39999,
        40000, 40000, 40000, 40000, 39999, 40000, 40000, 40000, 39999,
        40000, 40000, 40000, 39999, 40000, 40000, 40000, 39999, 40000,
        40000, 40000],
       [39999, 40000, 40000, 40000, 39999, 40000, 40000, 40000, 39999,
        40000, 40000, 40000, 39999, 40000, 40000, 40000, 39999, 40000,
        40000, 40000, 40000, 39999, 40000, 40000, 40000, 39999, 40000,
        40000, 40000, 39999, 40000, 40000, 40000, 39999, 40000, 40000,
        40000, 39999, 40000, 40000, 40000, 39999, 40000, 40000, 40000,
        40000, 39999, 40000, 40000, 40000, 39999, 40000, 40000, 40000,
        39999, 40000, 40000, 40000, 39999, 40000, 40000, 40000, 39999,
        40000, 40000, 40000, 39999, 40000, 40000, 40000, 40000, 39999,
        40000, 40000, 40000, 39999, 40000, 40000, 40000, 39999, 40000,
        40000, 40000, 39999, 40000, 40000, 40000, 39999, 40000, 40000,
        40000, 40000, 39999, 40000, 40000, 40000, 39999, 40000, 40000,
        40000, 39999, 40000, 40000, 40000, 39999, 40000, 40000, 40000,
        39999, 40000, 40000, 40000, 39999, 40000, 40000, 40000, 40000,
        39999, 40000, 40000, 40000, 39999, 40000, 40000, 40000, 39999,
        40000, 40000, 40000, 39999, 40000, 40000, 40000, 39999, 40000,
        40000, 40000, 40000, 39999, 40000, 40000, 40000, 39999, 40000,
        40000, 40000, 39999, 40000, 40000, 40000, 39999, 40000, 40000,
        40000, 39999, 40000, 40000, 40000, 39999, 40000, 40000, 40000,
        40000, 39999, 40000, 40000, 40000, 39999, 40000, 40000, 40000,
        39999, 40000, 40000, 40000, 39999, 40000, 40000, 40000, 39999,
        40000, 40000, 40000, 40000, 39999, 40000, 40000, 40000, 39999,
        40000, 40000, 40000, 39999, 40000, 40000, 40000, 39999, 40000,
        40000, 40000],
       [    0,     0,     0,     0,     0,     0,     0,     0,     0,
            0,     0,     0,     0,     0,     0,     0,     0,     0,
            0,     0,     0,     0,     0,     0,     0,     0,     0,
            0,     0,     0,     0,     0,     0,     0,     0,     0,
            0,     0,     0,     0,     0,     0,     0,     0,     0,
            0,     0,     0,     0,     0,     0,     0,     0,     0,
            0,     0,     0,     0,     0,     0,     0,     0,     0,
            0,     0,     0,     0,     0,     0,     0,     0,     0,
            0,     0,     0,     0,     0,     0,     0,     0,     0,
            0,     0,     0,     0,     0,     0,     0,     0,     0,
            0,     0,     0,     0,     0,     0,     0,     0,     0,
            0,     0,     0,     0,     0,     0,     0,     0,     0,
            0,     0,     0,     0,     0,     0,     0,     0,     0,
            0,     0,     0,     0,     0,     0,     0,     0,     0,
            0,     0,     0,     0,     0,     0,     0,     0,     0,
            0,     0,     0,     0,     0,     0,     0,     0,     0,
            0,     0,     0,     0,     0,     0,     0,     0,     0,
            0,     0,     0,     0,     0,     0,     0,     0,     0,
            0,     0,     0,     0,     0,     0,     0,     0,     0,
            0,     0,     0,     0,     0,     0,     0,     0,     0,
            0,     0,     0,     0,     0,     0,     0,     0,     0,
            0,     0,     0,     0,     0,     0,     0,     0,     0,
            0,     0],
       [    0,     0,     0,     0,     0,     0,     0,     0,     0,
            0,     0,     0,     0,     0,     0,     0,     0,     0,
            0,     0,     0,     0,     0,     0,     0,     0,     0,
            0,     0,     0,     0,     0,     0,     0,     0,     0,
            0,     0,     0,     0,     0,     0,     0,     0,     0,
            0,     0,     0,     0,     0,     0,     0,     0,     0,
            0,     0,     0,     0,     0,     0,     0,     0,     0,
            0,     0,     0,     0,     0,     0,     0,     0,     0,
            0,     0,     0,     0,     0,     0,     0,     0,     0,
            0,     0,     0,     0,     0,     0,     0,     0,     0,
            0,     0,     0,     0,     0,     0,     0,     0,     0,
            0,     0,     0,     0,     0,     0,     0,     0,     0,
            0,     0,     0,     0,     0,     0,     0,     0,     0,
            0,     0,     0,     0,     0,     0,     0,     0,     0,
            0,     0,     0,     0,     0,     0,     0,     0,     0,
            0,     0,     0,     0,     0,     0,     0,     0,     0,
            0,     0,     0,     0,     0,     0,     0,     0,     0,
            0,     0,     0,     0,     0,     0,     0,     0,     0,
            0,     0,     0,     0,     0,     0,     0,     0,     0,
            0,     0,     0,     0,     0,     0,     0,     0,     0,
            0,     0,     0,     0,     0,     0,     0,     0,     0,
            0,     0,     0,     0,     0,     0,     0,     0,     0,
            0,     0],
       [    0,     0,     0,     0,     0,     0,     0,     0,     0,
            0,     0,     0,     0,     0,     0,     0,     0,     0,
            0,     0,     0,     0,     0,     0,     0,     0,     0,
            0,     0,     0,     0,     0,     0,     0,     0,     0,
            0,     0,     0,     0,     0,     0,     0,     0,     0,
            0,     0,     0,     0,     0,     0,     0,     0,     0,
            0,     0,     0,     0,     0,     0,     0,     0,     0,
            0,     0,     0,     0,     0,     0,     0,     0,     0,
            0,     0,     0,     0,     0,     0,     0,     0,     0,
            0,     0,     0,     0,     0,     0,     0,     0,     0,
            0,     0,     0,     0,     0,     0,     0,     0,     0,
            0,     0,     0,     0,     0,     0,     0,     0,     0,
            0,     0,     0,     0,     0,     0,     0,     0,     0,
            0,     0,     0,     0,     0,     0,     0,     0,     0,
            0,     0,     0,     0,     0,     0,     0,     0,     0,
            0,     0,     0,     0,     0,     0,     0,     0,     0,
            0,     0,     0,     0,     0,     0,     0,     0,     0,
            0,     0,     0,     0,     0,     0,     0,     0,     0,
            0,     0,     0,     0,     0,     0,     0,     0,     0,
            0,     0,     0,     0,     0,     0,     0,     0,     0,
            0,     0,     0,     0,     0,     0,     0,     0,     0,
            0,     0,     0,     0,     0,     0,     0,     0,     0,
            0,     0]])

Correlation data:
array([       0,        0,        0,        0,        0,        0,
              0,        0,        0,        0,        0,        0,
              0,        0,        0,        0,        0,        0,
              0,        0,        0,        0,        0,        0,
              0,        0,        0,        0,        0,        0,
              0,        0,        0,        0,        0,        0,
              0,        0,        0,        0,        0,        0,
              0,        0,        0,        0,        0,        0,
              0,        0,        0,        0,        0,        0,
              0,        0,        0,        0,        0,        0,
              0,        0,        0,        0,        0,        0,
              0,        0,        0,        0,        0,        0,
              0,        0,        0,        0,        0,        0,
              0,        0,        0,        0,        0,        0,
              0,        0,        0,        0,        0,        0,
              0,        0,        0,        0,        0,        0,
              0,        0,        0,        0,        0,        0,
              0,        0,        0,        0,        0,        0,
              0,        0,        0,        0,        0,        0,
              0,        0,        0,        0,        0,        0,
              0,        0,        0,        0,        0,        0,
              0,        0,        0,        0,        0,        0,
              0,        0,        0,        0,        0,        0,
              0,        0,        0,        0,        0,        0,
              0,        0,        0,        0,        0,        0,
              0,        0,        0,        0,        0,        0,
              0,        0,        0,        0,        0,        0,
              0,        0,        0,        0,        0,        0,
              0,        0,        0,        0,        0,        0,
              0,        0,        0,        0,        0,        0,
              0,        0,        0,        0,        0,        0,
              0,        0,        0,        0,        0,        0,
              0,        0,        0,        0,        0,        0,
              0,        0,        0,        0,        0,        0,
              0,        0,        0,        0,        0,        0,
              0,        0,        0,        0,        0,        0,
              0,        0,        0,        0,        0,        0,
              0,        0,        0,        0,        0,        0,
              0,        0,        0,        0,        0,        0,
              0,        0,        0,        0,        0,        0,
              0,        0,        0,        0,        0,        0,
              0,        0,        0,        0,        0,        0,
              0,        0,        0,        0,        0,        0,
              0,        0,        0,        0,        0,        0,
              0,        0,        0,        0,        0,        0,
              0,        0,        0,        0,        0,        0,
              0,        0,        0,        0,        0,        0,
              0,        0,        0,        0,        0,        0,
              0,        0,        0,        0,        0,        0,
              0,        0,        0,        0,        0,        0,
              0,        0,        0,        0,        0,        0,
              0,        0,        0,        0,        0,        0,
              0,        0,        0,        0,        0,        0,
              0,        0,        0,        0,        0,        0,
              0,        0,        0,        0,        0,        0,
              0,        0,        0,        0,        0,        0,
              0,        0,        0,        0,        0,        0,
              0,        0,        0,        0,        0,        0,
              0,        0,        0,        0,        0,        0,
              0,        0,        0,        0,        0,        0,
              0,        0,        0,        0,        0,        0,
              0,        0,        0,        0,        0,        0,
              0,        0,        0,        0,        0,        0,
              0,        0,        0,        0,        0,        0,
              0,        0,        0,        0,        0,        0,
              0,        0,        0,        0,        0,        0,
              0,        0,        0,        0,        0,        0,
              0,        0,        0,        0,        0,        0,
              0,        0,        0,        0,        0,        0,
              0,        0,        0,        0,        0,        0,
              0,        0,        0,        0,        0,        0,
              0,        0,        0,        0,        0,        0,
              0,        0,        0,        0,        0,        0,
              0,        0,        0,        0,        0,        0,
              0,        0,        0,        0,        0,        0,
              0,        0,        0,        0,        0,        0,
              0,        0,        0,        0,        0,        0,
              0,        0,        0,        0,        0,        0,
              0,        0,        0,        0,        0,        0,
              0,        0,        0,        0,        0,        0,
              0,        0,        0,        0,        0,        0,
              0,        0,        0,        0,        0,        0,
              0,        0,        0,        0,        0,        0,
              0,   339870, 14141424,   394582,        1,        0,
              0,        0,        0,        0,        0,        0,
              0,        0,        0,        0,        0,        0,
              0,        0,        0,        0,        0,        0,
              0,        0,        0,        0,        0,        0,
              0,        0,        0,        0,        0,        0,
              0,        0,        0,        0,        0,        0,
              0,        0,        0,        0,        0,        0,
              0,        0,        0,        0,        0,        0,
              0,        0,        0,        0,        0,        0,
              0,        0,        0,        0,        0,        0,
              0,        0,        0,        0,        0,        0,
              0,        0,        0,        0,        0,        0,
              0,        0,        0,        0,        0,        0,
              0,        0,        0,        0,        0,        0,
              0,        0,        0,        0,        0,        0,
              0,        0,        0,        0,        0,        0,
              0,        0,        0,        0,        0,        0,
              0,        0,        0,        0,        0,        0,
              0,        0,        0,        0,        0,        0,
              0,        0,        0,        0,        0,        0,
              0,        0,        0,        0,        0,        0,
              0,        0,        0,        0,        0,        0,
              0,        0,        0,        0,        0,        0,
              0,        0,        0,        0,        0,        0,
              0,        0,        0,        0,        0,        0,
              0,        0,        0,        0,        0,        0,
              0,        0,        0,        0,        0,        0,
              0,        0,        0,        0,        0,        0,
              0,        0,        0,        0,        0,        0,
              0,        0,        0,        0,        0,        0,
              0,        0,        0,        0,        0,        0,
              0,        0,        0,        0,        0,        0,
              0,        0,        0,        0,        0,        0,
              0,        0,        0,        0,        0,        0,
              0,        0,        0,        0,        0,        0,
              0,        0,        0,        0,        0,        0,
              0,        0,        0,        0,        0,        0,
              0,        0,        0,        0,        0,        0,
              0,        0,        0,        0,        0,        0,
              0,        0,        0,        0,        0,        0,
              0,        0,        0,        0,        0,        0,
              0,        0,        0,        0,        0,        0,
              0,        0,        0,        0,        0,        0,
              0,        0,        0,        0,        0,        0,
              0,        0,        0,        0,        0,        0,
              0,        0,        0,        0,        0,        0,
              0,        0,        0,        0,        0,        0,
              0,        0,        0,        0,        0,        0,
              0,        0,        0,        0,        0,        0,
              0,        0,        0,        0,        0,        0,
              0,        0,        0,        0,        0,        0,
              0,        0,        0,        0,        0,        0,
              0,        0,        0,        0,        0,        0,
              0,        0,        0,        0,        0,        0,
              0,        0,        0,        0,        0,        0,
              0,        0,        0,        0,        0,        0,
              0,        0,        0,        0,        0,        0,
              0,        0,        0,        0,        0,        0,
              0,        0,        0,        0,        0,        0,
              0,        0,        0,        0,        0,        0,
              0,        0,        0,        0,        0,        0,
              0,        0,        0,        0,        0,        0,
              0,        0,        0,        0,        0,        0,
              0,        0,        0,        0,        0,        0,
              0,        0,        0,        0,        0,        0,
              0,        0,        0,        0,        0,        0,
              0,        0,        0,        0,        0,        0,
              0,        0,        0,        0,        0,        0,
              0,        0,        0,        0,        0,        0,
              0,        0,        0,        0,        0,        0,
              0,        0,        0,        0,        0,        0,
              0,        0,        0,        0,        0,        0,
              0,        0,        0,        0,        0,        0,
              0,        0,        0,        0,        0,        0,
              0,        0,        0,        0,        0,        0,
              0,        0,        0,        0,        0,        0,
              0,        0,        0,        0,        0,        0,
              0,        0,        0,        0,        0,        0,
              0,        0,        0,        0,        0,        0,
              0,        0,        0,        0,        0,        0,
              0,        0,        0,        0,        0,        0,
              0,        0,        0,        0,        0,        0,
              0,        0,        0,        0])

